#doc name topic proportion ...
0	file:/Users/Amanda/mallet-2.0.7/THATCamp/wp_100_posts.txt	4	0.6858728139407926	0	0.1721813336746504	13	0.07630573620897997	8	0.028075874084987767	3	0.02055274438432958	12	0.004514817842195446	1	0.0023985586399683655	6	0.002364102198843583	9	0.0018901411843078623	7	0.00178335167681587	5	0.0016238385268118238	10	0.001236692865816597	11	7.737988775489325E-4	14	2.967209617364765E-4	2	1.294749322146767E-4	
1	file:/Users/Amanda/mallet-2.0.7/THATCamp/wp_101_posts.txt	13	0.3704772466539371	0	0.23855894439470937	5	0.20394390624291114	4	0.11119262480945225	8	0.07551913833296456	12	8.511324782148716E-5	1	4.521757534269067E-5	6	4.456800326359345E-5	9	3.563290052016012E-5	7	3.3619707046227926E-5	10	2.331410702411159E-5	3	1.8051749659574005E-5	11	1.4587639619317291E-5	14	5.593777120767712E-6	2	2.4408586076862086E-6	
2	file:/Users/Amanda/mallet-2.0.7/THATCamp/wp_106_posts.txt	0	0.3850806538397496	13	0.2565976745087211	6	0.11859749651984065	8	0.09587804461303095	1	0.08063079256734128	4	0.06211060191350259	11	9.812026701330992E-4	12	4.48603752363369E-5	9	1.8780922230180697E-5	7	1.7719834597226535E-5	5	1.6134871479239055E-5	10	1.228809399443135E-5	3	9.514479638931924E-6	14	2.9482947372938256E-6	2	1.2864957670197493E-6	
3	file:/Users/Amanda/mallet-2.0.7/THATCamp/wp_107_posts.txt	12	0.49903041813896726	4	0.43385698763604863	13	0.04031450030373192	0	0.019614479371582387	8	0.004856386780597827	1	4.148874737210572E-4	6	4.089274168879801E-4	9	3.2694464411508356E-4	7	3.0847287184110946E-4	5	2.808812979985206E-4	10	2.1391529492656861E-4	3	1.656312784519143E-4	11	1.3384682622506175E-4	14	5.132491162131974E-5	2	2.2395753283505635E-5	
4	file:/Users/Amanda/mallet-2.0.7/THATCamp/wp_108_posts.txt	0	0.3226634827927608	7	0.20725469716464429	4	0.18319397640661267	13	0.15785780630029886	8	0.12724485429745092	6	0.0013396101986334807	12	1.4554616048403248E-4	1	7.732338555954653E-5	9	6.093330933036614E-5	5	5.234839390742296E-5	10	3.9867809645687235E-5	3	3.086902356822822E-5	11	2.4945293376296014E-5	14	9.565523621407742E-6	2	4.173940105989503E-6	
5	file:/Users/Amanda/mallet-2.0.7/THATCamp/wp_109_posts.txt	13	0.5214016560035909	0	0.24306044419882478	4	0.10768212398396819	8	0.045632965212185385	12	0.038856094974800796	6	0.023665981747799603	11	0.0193822450353167	1	7.404901824087838E-5	9	5.835300280025437E-5	7	5.505616525105305E-5	5	5.01316276735747E-5	10	3.8179551274354136E-5	3	2.9561831427072362E-5	14	9.160458094268279E-6	2	3.9971887522531175E-6	
6	file:/Users/Amanda/mallet-2.0.7/THATCamp/wp_110_posts.txt	13	0.3944272722221236	4	0.2945147234003208	12	0.18778466193745058	0	0.05259833637408063	7	0.039455120616694955	8	0.01885405592843744	9	0.008497516641703616	1	9.486374462225666E-4	6	9.350098159575157E-4	5	6.422332176848093E-4	10	4.89115897539781E-4	3	3.787148153594114E-4	11	3.0603987697277617E-4	14	1.17354068686062E-4	2	5.120774076534179E-5	
7	file:/Users/Amanda/mallet-2.0.7/THATCamp/wp_111_posts.txt	4	0.33891327995313886	13	0.2344454468500085	0	0.22291611741551648	10	0.09854182840046122	8	0.045790241811912234	6	0.0401048691508562	12	0.011241390552268691	1	0.007921886578072848	9	3.167763282059909E-5	7	2.9887904711657495E-5	5	2.7214559970092255E-5	3	1.6047997472499618E-5	11	1.2968405177078202E-5	14	4.972865389156126E-6	2	2.169922223915972E-6	
8	file:/Users/Amanda/mallet-2.0.7/THATCamp/wp_112_posts.txt	13	0.35372738136642384	0	0.2392999363516783	4	0.1792437872307798	8	0.11573466326099796	6	0.10578504873701207	1	0.004765034816171016	9	0.0012171459745896264	12	9.056658109158605E-5	7	3.577377203210064E-5	5	3.2573961731893546E-5	10	2.4807876780893644E-5	3	1.9208352298078876E-5	11	1.5522291539017064E-5	14	5.952178799225334E-6	2	2.597248074585885E-6	
9	file:/Users/Amanda/mallet-2.0.7/THATCamp/wp_113_posts.txt	0	0.3260089439787028	4	0.2188858285618283	12	0.20522560114694677	13	0.14849444941962298	8	0.10104745052892905	1	6.020830441209476E-5	6	5.934338334590572E-5	9	4.74460761185084E-5	7	4.47654599067737E-5	5	4.076138173535054E-5	10	3.104330212678626E-5	3	2.4036344948563215E-5	11	1.9423797941341064E-5	14	7.448250666873386E-6	2	3.2500627679544255E-6	
10	file:/Users/Amanda/mallet-2.0.7/THATCamp/wp_114_posts.txt	11	0.30601555287077525	13	0.1810820946715739	8	0.14836469336822436	4	0.11199413033593407	0	0.11186244435105953	6	0.10166297411864952	1	0.02516620370012103	10	0.012890261708814498	12	7.529862738976971E-4	9	5.903151241633875E-5	7	5.56963403192572E-5	5	5.071454183075898E-5	3	2.9905566726539188E-5	14	9.266972902528872E-6	2	4.0436667546790056E-6	
11	file:/Users/Amanda/mallet-2.0.7/THATCamp/wp_115_posts.txt	0	0.2667112903743496	4	0.21812242490232128	13	0.17518758642947682	8	0.16476829567800355	3	0.12753452937718707	7	0.02897415901831431	10	0.01699457419733264	5	0.0010785196414033733	12	2.2947889291588378E-4	1	1.2191379597855783E-4	6	1.2016244603720749E-4	9	9.607198376330611E-5	11	3.933060335234573E-5	14	1.5081715405623508E-5	2	6.580944158432534E-6	
12	file:/Users/Amanda/mallet-2.0.7/THATCamp/wp_116_posts.txt	13	0.340633937616484	0	0.18823054335216924	9	0.16440647674324374	8	0.1481845226902376	4	0.12515674815310004	7	0.022813058479149953	1	0.009558843699106125	3	6.62986631658033E-4	12	1.4563815993493107E-4	6	7.626077201162949E-5	5	5.2381483227532064E-5	10	3.989301001224954E-5	11	2.496106124873931E-5	14	9.571569970674535E-6	2	4.176578445582644E-6	
13	file:/Users/Amanda/mallet-2.0.7/THATCamp/wp_118_posts.txt	13	0.35294132299200254	4	0.19440859821277037	0	0.17629174600947872	8	0.14014321750052208	6	0.12750441213174238	12	0.005843812236478609	3	0.0022891522998381092	1	1.3676085174320265E-4	9	1.0777194018665239E-4	7	1.0168302338533766E-4	5	9.25879135575945E-5	10	7.051366885741458E-5	11	4.4120411237026045E-5	14	1.6918415410380786E-5	2	7.3823927895738875E-6	
14	file:/Users/Amanda/mallet-2.0.7/THATCamp/wp_119_posts.txt	4	0.448166725792941	0	0.21361968640840653	13	0.16283399593081174	1	0.06138262404017434	5	0.043805404309441964	8	0.038202897734631	10	0.017780401897044624	6	0.009658009085111352	12	0.0019856808965473273	9	8.313108906365898E-4	7	7.843433512163433E-4	3	4.2114494941434497E-4	11	3.403277170029763E-4	14	1.305020857804446E-4	2	5.69449108395089E-5	
15	file:/Users/Amanda/mallet-2.0.7/THATCamp/wp_11_posts.txt	8	0.35229244321981656	5	0.18185099514639128	13	0.17024690544235616	4	0.15407470056735426	0	0.13563058108532935	6	0.0030390725514944108	1	0.00261302579134431	12	9.833594813648524E-5	9	4.1168621186353166E-5	7	3.8842669655793327E-5	10	2.6936051412113124E-5	3	2.0856164742059632E-5	11	1.68538906663221E-5	14	6.4627938765603585E-6	2	2.820056237982374E-6	
16	file:/Users/Amanda/mallet-2.0.7/THATCamp/wp_120_posts.txt	13	0.2987951386063083	0	0.24672970319611084	4	0.2325131146299319	7	0.14410416311908958	8	0.06780069432388493	6	0.006646998322795939	1	0.0018663144143725957	12	0.0013331503103049367	9	5.765543131917037E-5	5	4.9532337284267525E-5	10	3.772314003840215E-5	3	2.9208439321395694E-5	11	2.360337334044726E-5	14	9.05095088789365E-6	2	3.949405009441696E-6	
17	file:/Users/Amanda/mallet-2.0.7/THATCamp/wp_122_posts.txt	0	0.3070063245337766	13	0.2853753795095648	7	0.17200779143416708	4	0.12766286822371262	8	0.10247928174931556	3	0.003960263966587777	6	8.798312857491272E-4	12	5.550491561514913E-4	1	2.1031747902439926E-5	9	1.657369231085653E-5	5	1.4238618961021585E-5	10	1.0843934416772764E-5	11	6.785051092190421E-6	14	2.601796078954069E-6	2	1.1353002126562528E-6	
18	file:/Users/Amanda/mallet-2.0.7/THATCamp/wp_123_posts.txt	13	0.29560503114816783	0	0.29106785555321013	4	0.1991051565840524	7	0.1315651394922469	8	0.06644175805945422	9	0.014930139559465193	11	7.722613620943815E-4	12	1.711729036131326E-4	1	9.093794284513195E-5	6	8.963157583728032E-5	5	6.156553051497815E-5	10	4.6887452853808645E-5	3	3.630422388542181E-5	14	1.124975366860331E-5	2	4.908858090611824E-6	
19	file:/Users/Amanda/mallet-2.0.7/THATCamp/wp_124_posts.txt	13	0.4014346137378691	5	0.21249191446008994	0	0.159779375456681	8	0.13754298434246642	4	0.03954450215694854	1	0.026850375801996403	6	0.00875347145997517	12	0.005774200483805709	3	0.005043130238344875	9	0.0027132607568590324	7	3.0498877255426045E-5	10	2.1149919226557465E-5	11	1.3233507049427598E-5	14	5.074521368253458E-6	2	2.214280064109726E-6	
20	file:/Users/Amanda/mallet-2.0.7/THATCamp/wp_126_posts.txt	9	0.281863807176241	13	0.2649545933876036	0	0.14682565337042905	8	0.11228415609059207	4	0.07920753122344859	1	0.07472958486541763	5	0.03966608011482655	12	1.7547493268484692E-4	6	9.188425506895962E-5	7	6.931254513039261E-5	10	4.8065858904170485E-5	3	3.7216645321784756E-5	11	3.0074813801010718E-5	14	1.153248981614999E-5	2	5.032230714251257E-6	
21	file:/Users/Amanda/mallet-2.0.7/THATCamp/wp_127_posts.txt	12	0.54663100231153	4	0.153732104215223	10	0.0792501029365414	13	0.07275805220226744	0	0.06864066094919145	8	0.055037762867240686	1	0.004701948058683486	6	0.004634402327778215	9	0.0037052859680392356	7	0.0034959441120292604	5	0.003183246922351253	3	0.0018771105842010762	11	0.0015168952176006212	14	5.816687266924287E-4	2	2.5381260063043706E-4	
22	file:/Users/Amanda/mallet-2.0.7/THATCamp/wp_132_posts.txt	4	0.30712038345592824	13	0.2757279031924257	0	0.26522001513353166	1	0.059656290681632064	9	0.05718340087311419	8	0.020535698922113658	10	0.014166244237936939	12	1.4152316001660617E-4	6	7.410602719241826E-5	7	5.590160523534352E-5	5	5.0901446681483034E-5	3	3.0015781573860393E-5	11	2.42557875413143E-5	14	9.3011256745837E-6	2	4.058569402004169E-6	
23	file:/Users/Amanda/mallet-2.0.7/THATCamp/wp_133_posts.txt	5	0.27335013340217484	13	0.25738374523547874	0	0.20971230767720228	4	0.14980018064068493	8	0.08602676661432403	6	0.022876931453018008	1	5.567396498713582E-4	12	1.1428601255652473E-4	9	4.784616050386857E-5	7	4.514294025873014E-5	10	3.1305071728553184E-5	3	2.4239029070871476E-5	11	1.958758721321491E-5	14	7.511057310411649E-6	2	3.277468603616181E-6	
24	file:/Users/Amanda/mallet-2.0.7/THATCamp/wp_134_posts.txt	0	0.27693239021433574	13	0.21944226049056312	6	0.18708096439976368	4	0.1565184162693834	8	0.14720429040321942	5	0.01204616587023657	12	2.504305637341826E-4	1	1.3304465724904633E-4	9	1.0484345966286765E-4	7	9.891999663581655E-5	10	6.859760512550155E-5	3	5.311405638188073E-5	11	4.292152992538565E-5	14	1.6458692314213164E-5	2	7.181791469176822E-6	
25	file:/Users/Amanda/mallet-2.0.7/THATCamp/wp_135_posts.txt	14	0.4491555398269569	12	0.2137573408198877	4	0.16098979443892375	13	0.10076938186197831	0	0.04055577884748324	1	0.009509257327631948	6	0.009494359679430768	7	0.009243265350260516	8	0.0036667226356742787	9	8.172248060212627E-4	5	7.020857151311614E-4	10	5.346987282036993E-4	3	4.140088906190303E-4	11	3.3456105969986553E-4	2	5.598001209761544E-5	
26	file:/Users/Amanda/mallet-2.0.7/THATCamp/wp_136_posts.txt	4	0.6829615781713172	13	0.13327994690441256	0	0.11111781956799756	9	0.050299636811978604	7	0.016022621903406004	10	0.0037490680709964504	6	0.0013716057416836493	8	5.297142714266515E-4	12	2.8200132085757395E-4	1	1.4981705314970358E-4	5	1.0142703989972577E-4	3	5.98099282789322E-5	11	4.833247169077274E-5	14	1.853357235230704E-5	2	8.087170552318171E-6	
27	file:/Users/Amanda/mallet-2.0.7/THATCamp/wp_137_posts.txt	13	0.3617582374445579	0	0.2074733254793236	4	0.15631365065301914	1	0.14573619590308085	8	0.08825469822042736	10	0.015056334381546382	12	0.010952937611588543	6	0.009764802502790333	11	0.00432478246628736	9	1.0327198568736006E-4	7	9.743730805542874E-5	5	8.872195923337988E-5	3	5.231794227417993E-5	14	1.621199684340514E-5	2	7.074145284783205E-6	
28	file:/Users/Amanda/mallet-2.0.7/THATCamp/wp_140_posts.txt	0	0.3022162418194779	13	0.21376205668097348	6	0.19932808485456707	4	0.153592672142825	8	0.12356992687930708	7	0.007415024750493771	12	3.788901771943333E-5	1	2.012905813419685E-5	9	1.5862343803808124E-5	5	1.362749259579281E-5	10	1.037850906596851E-5	3	8.035917794523463E-6	11	6.493834393210483E-6	14	2.4901261069469245E-6	2	1.0865727416632169E-6	
29	file:/Users/Amanda/mallet-2.0.7/THATCamp/wp_141_posts.txt	4	0.41401374349650677	9	0.2721932364227133	0	0.15674604026540248	13	0.1459843892454271	8	0.009542971444386013	12	0.0010270204914293662	1	1.0217203771046886E-4	6	1.007042875611474E-4	7	7.596590374670267E-5	5	6.917107984456784E-5	10	5.267973357705678E-5	3	4.078909656211984E-5	11	3.296171574870929E-5	14	1.2639501401735883E-5	2	5.5152779825190435E-6	
30	file:/Users/Amanda/mallet-2.0.7/THATCamp/wp_142_posts.txt	13	0.3623747785547138	4	0.2368780270021167	0	0.18625835434976987	8	0.10516396831062377	1	0.05940188798731161	12	0.04572285380054015	6	0.003982597313277498	9	4.7306462651212944E-5	7	4.463373434411494E-5	5	4.064143845865867E-5	10	3.095195499335006E-5	3	2.3965616287019178E-5	11	1.936664202876647E-5	14	7.426333657376318E-6	2	3.240499226159554E-6	
31	file:/Users/Amanda/mallet-2.0.7/THATCamp/wp_143_posts.txt	13	0.435388627107222	0	0.26603674084719175	8	0.1303097012260725	4	0.1079584097424968	5	0.03758612230118821	10	0.014695908673098104	9	0.007407333524257159	12	2.1079361730704549E-4	1	1.1198698811647686E-4	6	1.103782415140473E-4	7	8.326341483221435E-5	3	4.470741872573914E-5	11	3.612811638649716E-5	14	1.3853689570971106E-5	2	6.045092020555261E-6	
32	file:/Users/Amanda/mallet-2.0.7/THATCamp/wp_149_posts.txt	4	0.4119276080033858	9	0.3042841634734718	13	0.13674643557767943	0	0.12211273403920808	10	0.009507131750158522	8	0.009048395978678691	12	0.002351038540232386	7	0.00224958921705861	5	0.001515880145190398	1	8.908481228929627E-5	6	8.780506638748294E-5	3	3.5564417546251074E-5	11	2.8739646639209942E-5	14	1.1020506540103644E-5	2	4.80882553393231E-6	
33	file:/Users/Amanda/mallet-2.0.7/THATCamp/wp_150_posts.txt	4	0.3822424122097094	13	0.2296026180405901	0	0.19606776048725252	9	0.09444141237892409	5	0.08886410887149766	8	0.00396859648628483	6	0.0031040023553484328	12	6.381810293961044E-4	1	3.39042387849159E-4	7	2.5208131283812544E-4	10	1.7480969415365578E-4	3	1.3535242133292643E-4	11	1.0937844703377742E-4	14	4.194226554050843E-5	2	1.8301612248784107E-5	
34	file:/Users/Amanda/mallet-2.0.7/THATCamp/wp_151_posts.txt	0	0.3259821527916458	4	0.20998513979050998	12	0.16356168115782077	13	0.14890704314344175	6	0.07644819885975995	8	0.07060626087414652	3	0.004288828624524939	1	5.2242315474582376E-5	9	4.1168621186353166E-5	7	3.8842669655793327E-5	5	3.536835964060618E-5	10	2.6936051412113124E-5	11	1.68538906663221E-5	14	6.4627938765603585E-6	2	2.820056237982374E-6	
35	file:/Users/Amanda/mallet-2.0.7/THATCamp/wp_152_posts.txt	13	0.3191854205638844	1	0.2663331565660822	0	0.19571451563012354	4	0.13410966025060134	8	0.06872231839581161	6	0.00637533388669919	7	0.0053891312983807916	9	0.0029622749754403595	5	5.261671072204142E-4	11	5.050887221924417E-4	12	1.1195368226820697E-4	10	3.066620293492585E-5	3	2.374436292234829E-5	14	7.357772878918343E-6	2	3.210582559364319E-6	
36	file:/Users/Amanda/mallet-2.0.7/THATCamp/wp_154_posts.txt	13	0.33202290436082604	0	0.261409485747542	8	0.18106306564375657	3	0.10363369173452905	4	0.06906673210218563	6	0.047846489099738855	9	0.004479288721859601	12	1.692863999838792E-4	1	8.993571202709366E-5	7	6.686807659255811E-5	5	6.088701426443938E-5	10	4.637070430244288E-5	11	2.9014155359173104E-5	14	1.112576966952369E-5	2	4.854757363172165E-6	
37	file:/Users/Amanda/mallet-2.0.7/THATCamp/wp_155_posts.txt	13	0.28614826269216864	0	0.2619388468905663	4	0.23052108441036268	12	0.10664103020441472	8	0.09512621187655776	1	0.017363406198616173	6	0.001310060769986644	3	8.666177539704796E-4	9	2.0646137662747743E-5	7	1.9479668781522838E-5	5	1.7737296052256044E-5	10	1.3508478290491939E-5	11	8.452256520194849E-6	14	3.24110276750437E-6	2	1.414263281797128E-6	
38	file:/Users/Amanda/mallet-2.0.7/THATCamp/wp_156_posts.txt	14	0.9290025309450118	0	0.024579101443732418	13	0.02301810518901946	4	0.021192423495254766	8	0.001439138176470872	5	5.517486263220413E-4	12	6.103373634218713E-5	1	3.2425006002438586E-5	6	3.195920529543211E-5	9	2.5551945333071835E-5	7	2.4108307323258168E-5	10	1.6718279440441366E-5	3	1.2944703174156879E-5	11	1.0460629492692034E-5	2	1.7503117848649267E-6	
39	file:/Users/Amanda/mallet-2.0.7/THATCamp/wp_162_posts.txt	4	0.3743653857782271	0	0.29449903059723803	13	0.2001088510208285	5	0.10582013061039107	8	0.024169152003206733	12	2.86560856982488E-4	1	1.522393689881079E-4	6	1.500523776980046E-4	9	1.1996950852169245E-4	7	1.1319145149851867E-4	10	7.849436673622315E-5	3	6.077696463105638E-5	11	4.9113934876868115E-5	14	1.8833232270236045E-5	2	8.217927905402552E-6	
40	file:/Users/Amanda/mallet-2.0.7/THATCamp/wp_163_posts.txt	13	0.31222666484572154	4	0.2340183539284921	0	0.19242176560168395	8	0.1254983455069265	2	0.1080135472943624	6	0.027110490023099034	12	2.0737852039752968E-4	1	1.1017267124147638E-4	9	8.681960066712041E-5	7	8.191445258989449E-5	5	7.458755653605447E-5	10	5.680484698680879E-5	3	4.3983107574987806E-5	11	3.5542799714226027E-5	14	1.3629244006424908E-5	
41	file:/Users/Amanda/mallet-2.0.7/THATCamp/wp_164_posts.txt	13	0.33468356227865864	4	0.23050380636519943	0	0.20113362295091014	11	0.13390455697832787	8	0.06216460524040527	5	0.018289184877806283	6	0.007272882307439945	9	0.006502946108695428	7	0.005359769181757725	12	8.763844758781031E-5	1	4.655912220656485E-5	10	2.4005806367236135E-5	3	1.858732167907544E-5	14	5.759737239077994E-6	2	2.513275719516842E-6	
42	file:/Users/Amanda/mallet-2.0.7/THATCamp/wp_166_posts.txt	0	0.27623007486916157	13	0.2682443348975843	7	0.14302514693972798	4	0.13709500183339668	8	0.13374515419706842	5	0.03231803895267872	12	0.003834514743054935	6	0.0030209293149071476	10	0.002245629117336884	1	8.973791098361214E-5	9	7.07163537790826E-5	3	3.5825147451457955E-5	11	2.8950342774867876E-5	14	1.1101300092304977E-5	2	4.8440800020812135E-6	
43	file:/Users/Amanda/mallet-2.0.7/THATCamp/wp_167_posts.txt	4	0.41966999827112683	0	0.23730667840320369	11	0.23646120308675314	13	0.08811222150203198	9	0.008027370052904628	3	0.007973534100802203	8	0.0016207473263996947	12	2.6062871363397824E-4	1	1.3846256366494564E-4	6	1.3647348276719007E-4	7	1.0294826274973276E-4	5	9.373998269362266E-5	10	7.139106870840275E-5	14	1.7128930838106443E-5	2	7.4742517218697794E-6	
44	file:/Users/Amanda/mallet-2.0.7/THATCamp/wp_168_posts.txt	4	0.3914544636045799	0	0.20925975806503364	12	0.19852430085059	13	0.15418949580389812	8	0.043201219025237145	9	0.0013756764612308475	11	0.0013041985933251313	1	1.5357642238743457E-4	6	1.5137022368627744E-4	7	1.141855637048865E-4	5	1.0397215532989063E-4	10	7.918374925646243E-5	3	6.131074277071129E-5	14	1.8998636510903873E-5	2	8.290102458636532E-6	
45	file:/Users/Amanda/mallet-2.0.7/THATCamp/wp_169_posts.txt	12	0.6380871740998809	4	0.1872457028143549	13	0.055766800568145564	0	0.04908132455928827	8	0.02699407484507361	1	0.007634630524300418	6	0.007524955408259271	9	0.006016333868387087	7	0.005676422048018115	5	0.005168690469663098	10	0.003936402865127565	3	0.003047895379695352	11	0.0024630077546415117	14	9.444650941295968E-4	2	4.121197010346745E-4	
46	file:/Users/Amanda/mallet-2.0.7/THATCamp/wp_16_posts.txt	0	0.2553431581558198	4	0.1880737430667705	10	0.16185790116557291	13	0.1560603027379355	6	0.1533822546538646	8	0.07482635221996038	3	0.008551160487050973	12	8.732261267185556E-4	9	7.781645232111479E-4	1	8.68719694430664E-5	7	6.459015418386132E-5	5	5.8812842234089056E-5	11	2.802576152417792E-5	14	1.0746760113160474E-5	2	4.689375597314907E-6	
47	file:/Users/Amanda/mallet-2.0.7/THATCamp/wp_170_posts.txt	10	0.35466108944898805	0	0.22049696279761688	4	0.19174246923438062	13	0.14686607602561594	8	0.07786517098187162	12	0.008091494871163053	1	5.43291950486507E-5	6	5.354873019807053E-5	9	4.2813149264136334E-5	7	4.039428491577155E-5	5	3.678118957801955E-5	3	2.1689288308620997E-5	11	1.752713877670191E-5	14	6.720957635380917E-6	2	2.9327066384730006E-6	
48	file:/Users/Amanda/mallet-2.0.7/THATCamp/wp_171_posts.txt	4	0.4443980158520536	0	0.36212960668247857	9	0.07442225561870139	13	0.07367288605760583	8	0.023822257897667606	3	0.01869722614134434	12	8.532454460290532E-4	1	4.5329829643613154E-4	6	4.46786449778373E-4	7	3.370316921073125E-4	5	3.0688565441988337E-4	10	2.3371985155917405E-4	11	1.4623853973474171E-4	14	5.607663879079035E-5	2	2.4469181293341497E-5	
49	file:/Users/Amanda/mallet-2.0.7/THATCamp/wp_173_posts.txt	13	0.30565468703263976	4	0.25555749374020403	6	0.1872682899635764	0	0.18430280990990416	8	0.06365980507329654	12	0.003328060972487098	1	4.949609202537694E-5	9	3.900450897489451E-5	7	3.680082581197712E-5	5	3.3509149961199444E-5	10	2.5520103145942982E-5	3	1.9759818070691238E-5	11	1.5967931662825838E-5	14	6.123063986528464E-6	2	2.6718142525636145E-6	
50	file:/Users/Amanda/mallet-2.0.7/THATCamp/wp_174_posts.txt	13	0.35545775564451165	4	0.2874233058954136	0	0.1975673959346103	6	0.08705585650000743	1	0.04294250206659843	8	0.01662065073741858	7	0.005469023504741778	5	0.004121301515658597	12	0.0029816927666269036	9	1.289507876135908E-4	10	8.437069167484177E-5	3	6.532691143367458E-5	11	5.279075211039636E-5	14	2.0243144816397317E-5	2	8.833146763802512E-6	
51	file:/Users/Amanda/mallet-2.0.7/THATCamp/wp_175_posts.txt	4	0.38886302613091095	13	0.24368618695367184	0	0.22168989832025277	1	0.07275364731344601	5	0.034013887183977035	12	0.029539690203204984	8	0.00587584669967695	6	0.002706661674083287	9	2.3297527545328023E-4	7	2.1981260002457812E-4	10	1.5243245502331745E-4	3	1.1802607388005058E-4	11	9.537700577029417E-5	14	3.6573272074716256E-5	2	1.5958838549965148E-5	
52	file:/Users/Amanda/mallet-2.0.7/THATCamp/wp_176_posts.txt	4	0.5258752050148678	0	0.19338019497626524	13	0.10967853063761306	8	0.08720728977090317	12	0.05992487847538214	9	0.020102581427691817	1	7.946707795452488E-4	6	7.832549540270754E-4	7	5.908454534333524E-4	5	5.379968646395819E-4	10	4.097309389732012E-4	3	3.1724827935623103E-4	11	2.563686986786193E-4	14	9.830715582323709E-5	2	4.2896572800055614E-5	
53	file:/Users/Amanda/mallet-2.0.7/THATCamp/wp_177_posts.txt	4	0.7373716574227787	13	0.15639596166584782	0	0.100613029901731	8	0.004656135182495266	12	2.4201302078825297E-4	1	1.2857272259609776E-4	6	1.267257139916119E-4	9	1.0131943164027861E-4	7	9.559506972802496E-5	5	8.704450121402339E-5	10	6.629188301825615E-5	3	5.132877169473859E-5	11	4.147883932059417E-5	14	1.590547809258251E-5	2	6.940395062847304E-6	
54	file:/Users/Amanda/mallet-2.0.7/THATCamp/wp_178_posts.txt	0	0.2686183447530578	9	0.18287673661141546	4	0.155911257131791	13	0.14775021521026543	11	0.08963847472717316	8	0.07655042429331738	5	0.03501945894698574	1	0.0243025136951139	10	0.015289075850490818	12	0.0028945421675149437	3	9.398169681020514E-4	6	1.0810348823754147E-4	7	8.154746318173857E-5	14	1.356818288676423E-5	2	5.920510466329401E-6	
55	file:/Users/Amanda/mallet-2.0.7/THATCamp/wp_179_posts.txt	13	0.2943566439486949	4	0.26371273561050645	11	0.1539952058819609	0	0.1509798475165933	8	0.07955846649119155	6	0.05638392310877855	12	3.084259827115376E-4	1	1.638555156554791E-4	9	1.2912340488807373E-4	7	1.2182816952250191E-4	5	1.1093116287350563E-4	10	8.44836327364101E-5	3	6.541435993717546E-5	14	2.0270242878765427E-5	2	8.844971070948616E-6	
56	file:/Users/Amanda/mallet-2.0.7/THATCamp/wp_180_posts.txt	12	0.7628304689646933	4	0.06250240794954248	13	0.055766800568145564	0	0.04908132455928827	8	0.02699407484507361	1	0.007634630524300418	6	0.007524955408259271	9	0.006016333868387087	7	0.005676422048018115	5	0.005168690469663098	10	0.003936402865127565	3	0.003047895379695352	11	0.0024630077546415117	14	9.444650941295968E-4	2	4.121197010346745E-4	
57	file:/Users/Amanda/mallet-2.0.7/THATCamp/wp_181_posts.txt	13	0.31377373846076584	0	0.2833679379173171	4	0.17737896829831823	1	0.14947585675125336	8	0.06466793185592776	6	0.009796670596235775	7	0.0013807876838322257	12	6.249045476756911E-5	9	2.616180459782916E-5	5	2.2475858729269528E-5	10	1.71173018035003E-5	3	1.3253659970102876E-5	11	1.0710297834110053E-5	14	4.106971418578043E-6	2	1.792087228742079E-6	
58	file:/Users/Amanda/mallet-2.0.7/THATCamp/wp_182_posts.txt	13	0.3750507977746923	4	0.3006932021565468	0	0.16377086420658296	9	0.14354686487811502	1	0.00843705013549476	8	0.0032532848406828553	12	0.0017319348782648802	6	9.068961798841598E-4	7	6.841137510406463E-4	5	6.229227135082076E-4	10	4.744092857947007E-4	3	3.6732771512485465E-4	11	2.9683794820335865E-4	14	1.1382549655509576E-4	2	4.9668039509327396E-5	
59	file:/Users/Amanda/mallet-2.0.7/THATCamp/wp_183_posts.txt	0	0.27365378549183406	10	0.1856020702872028	4	0.16737922389944174	13	0.1666269160038405	8	0.1289894885472003	6	0.03894338501329012	9	0.03643656664136521	12	0.0022235300330508555	1	4.368452067445766E-5	7	3.247986599015111E-5	5	2.9574681441779373E-5	3	1.7439723940024735E-5	11	1.4093060932879384E-5	14	5.404125949446467E-6	2	2.3581038457457293E-6	
60	file:/Users/Amanda/mallet-2.0.7/THATCamp/wp_185_posts.txt	12	0.7628304689646933	4	0.06250240794954248	13	0.055766800568145564	0	0.04908132455928827	8	0.02699407484507361	1	0.007634630524300418	6	0.007524955408259271	9	0.006016333868387087	7	0.005676422048018115	5	0.005168690469663098	10	0.003936402865127565	3	0.003047895379695352	11	0.0024630077546415117	14	9.444650941295968E-4	2	4.121197010346745E-4	
61	file:/Users/Amanda/mallet-2.0.7/THATCamp/wp_187_posts.txt	12	0.6380871740998809	4	0.1872457028143549	13	0.055766800568145564	0	0.04908132455928827	8	0.02699407484507361	1	0.007634630524300418	6	0.007524955408259271	9	0.006016333868387087	7	0.005676422048018115	5	0.005168690469663098	10	0.003936402865127565	3	0.003047895379695352	11	0.0024630077546415117	14	9.444650941295968E-4	2	4.121197010346745E-4	
62	file:/Users/Amanda/mallet-2.0.7/THATCamp/wp_188_posts.txt	12	0.7628304689646933	4	0.06250240794954248	13	0.055766800568145564	0	0.04908132455928827	8	0.02699407484507361	1	0.007634630524300418	6	0.007524955408259271	9	0.006016333868387087	7	0.005676422048018115	5	0.005168690469663098	10	0.003936402865127565	3	0.003047895379695352	11	0.0024630077546415117	14	9.444650941295968E-4	2	4.121197010346745E-4	
63	file:/Users/Amanda/mallet-2.0.7/THATCamp/wp_189_posts.txt	0	0.2361118629123226	8	0.21499213391898894	4	0.18116527062146554	12	0.16091690860915475	13	0.16018107427188422	1	0.020441482605492865	3	0.01874903598693748	10	0.007193213222748097	6	6.64343969517605E-5	9	5.3115465902702034E-5	7	5.0114539574527076E-5	5	4.56320091950967E-5	11	2.1744771362701042E-5	14	8.338251267458624E-6	2	3.6384167512976568E-6	
64	file:/Users/Amanda/mallet-2.0.7/THATCamp/wp_190_posts.txt	12	0.34063961689184646	4	0.33303769720041343	10	0.1685853744781766	8	0.08100422886428567	13	0.029770824977973266	0	0.026201817358270974	1	0.0040757089665328485	6	0.004017159459463494	9	0.0032117894657760692	7	0.003030329256313573	5	0.0027592793161878796	3	0.0016271035629738847	11	0.0013148642567941693	14	5.041979229340658E-4	2	2.2000802205759306E-4	
65	file:/Users/Amanda/mallet-2.0.7/THATCamp/wp_191_posts.txt	4	0.4787769881852164	12	0.31845013461183413	13	0.10486374823321927	0	0.040743491009970274	8	0.0382502435092685	5	0.014664692840319234	1	8.618104888470183E-4	6	8.494301693189249E-4	9	6.791343229614452E-4	7	6.407644802893394E-4	10	4.443480619915459E-4	3	3.4405177811411015E-4	11	2.78028636789349E-4	14	1.0661287692705437E-4	2	4.652079493325906E-5	
66	file:/Users/Amanda/mallet-2.0.7/THATCamp/wp_194_posts.txt	13	0.32668659843825726	4	0.24996348932747614	7	0.2445414161534202	12	0.11444426301640245	9	0.04223255292371505	0	0.010634327940252463	8	0.008526864562993133	1	7.284611908251537E-4	6	7.179964976902436E-4	5	4.931725775796358E-4	10	3.755933845876755E-4	3	2.908161031154562E-4	11	2.3500882672015765E-4	14	9.011649810328979E-5	2	3.932255886158088E-5	
67	file:/Users/Amanda/mallet-2.0.7/THATCamp/wp_195_posts.txt	13	0.4170522390968644	0	0.268672712740155	4	0.16390737442556047	6	0.08293374087106926	5	0.05804064092025159	8	0.0035465346582288105	12	0.0018880508078328694	1	0.001003052777789288	9	7.904377794819895E-4	7	7.45779495817928E-4	10	5.171723524532605E-4	3	4.0043849106826274E-4	11	3.2359480424707336E-4	14	1.2408568210031638E-4	2	5.414509707952109E-5	
68	file:/Users/Amanda/mallet-2.0.7/THATCamp/wp_196_posts.txt	4	0.27098759741657075	13	0.20584362503691342	0	0.19933495080950434	6	0.16024622948481193	8	0.1448938561712062	7	0.014406553574559226	1	0.003363383079158921	12	3.651225709995665E-4	9	1.5285959099316774E-4	5	1.313231493542093E-4	10	1.0001388638178204E-4	3	7.743919325659031E-5	11	6.257870095371484E-5	14	2.399643223833886E-5	2	1.0470903097882026E-5	
69	file:/Users/Amanda/mallet-2.0.7/THATCamp/wp_197_posts.txt	14	0.9629933589533076	13	0.01368586382704186	4	0.011628812676978503	0	0.005172699219274976	8	0.004985533746299935	12	6.503081143325097E-4	3	5.543596342082311E-4	1	6.469520884489064E-5	6	6.376583125225072E-5	9	5.098190080803647E-5	7	4.810151699147547E-5	5	4.3799042838434025E-5	10	3.335674262775009E-5	11	2.0871317946027122E-5	2	3.492267247598768E-6	
70	file:/Users/Amanda/mallet-2.0.7/THATCamp/wp_198_posts.txt	12	0.7628304689646933	4	0.06250240794954248	13	0.055766800568145564	0	0.04908132455928827	8	0.02699407484507361	1	0.007634630524300418	6	0.007524955408259271	9	0.006016333868387087	7	0.005676422048018115	5	0.005168690469663098	10	0.003936402865127565	3	0.003047895379695352	11	0.0024630077546415117	14	9.444650941295968E-4	2	4.121197010346745E-4	
71	file:/Users/Amanda/mallet-2.0.7/THATCamp/wp_19_posts.txt	13	0.2680117857609272	0	0.20316094544828678	9	0.19258280581702378	4	0.1850797214740611	8	0.13306685904814117	7	0.011697260844466794	1	0.004718997710093742	3	0.0014213612499463617	12	1.0741297324698772E-4	6	5.624484865463543E-5	5	3.863308118607273E-5	10	2.942241799197448E-5	11	1.8409610539745564E-5	14	7.059350307989878E-6	2	3.0803651257318146E-6	
72	file:/Users/Amanda/mallet-2.0.7/THATCamp/wp_200_posts.txt	4	0.3968974746609892	9	0.28069437245685447	0	0.20265065865021414	13	0.07193729972430356	8	0.021060302531882784	1	0.01649797433876787	12	0.003386659640414175	6	0.001773362687595087	7	0.0013377295296592379	5	0.001218075367273067	10	9.27669279833572E-4	3	7.18279863308257E-4	11	5.804427819658011E-4	14	2.2257662229162024E-4	2	9.712186464727463E-5	
73	file:/Users/Amanda/mallet-2.0.7/THATCamp/wp_201_posts.txt	4	0.4536736039764467	13	0.22593836774202675	3	0.11802504708170942	12	0.10274807809983943	0	0.09062128952306713	8	0.0036359183635897834	1	0.0010283328279203075	6	0.0010135603354110626	9	8.103592702880838E-4	7	7.645754589600831E-4	5	6.961874671466746E-4	10	5.302067044693239E-4	11	3.317503998993113E-4	14	1.2721302727446707E-4	2	5.55097219515403E-5	
74	file:/Users/Amanda/mallet-2.0.7/THATCamp/wp_202_posts.txt	12	0.7628304689646933	4	0.06250240794954248	13	0.055766800568145564	0	0.04908132455928827	8	0.02699407484507361	1	0.007634630524300418	6	0.007524955408259271	9	0.006016333868387087	7	0.005676422048018115	5	0.005168690469663098	10	0.003936402865127565	3	0.003047895379695352	11	0.0024630077546415117	14	9.444650941295968E-4	2	4.121197010346745E-4	
75	file:/Users/Amanda/mallet-2.0.7/THATCamp/wp_203_posts.txt	13	0.37338298694480454	4	0.16064526913963945	11	0.1312628435303323	0	0.1271564934415709	5	0.09862171155738371	8	0.06370720126459423	12	0.020425350300804355	9	0.013429564769765421	1	0.010236289922872288	6	3.95521407824708E-4	7	2.9836009890172905E-4	10	2.0690243576348714E-4	3	1.6020133091504865E-4	14	4.964230927686618E-5	2	2.166154555103724E-5	
76	file:/Users/Amanda/mallet-2.0.7/THATCamp/wp_204_posts.txt	13	0.27405869641400754	4	0.2419439556211249	8	0.18780066928130137	0	0.16249510069785766	7	0.08595225400556643	1	0.025699058052272378	12	0.016705082027113415	9	0.0050340988297626135	6	9.962326349456493E-5	5	6.842855334610002E-5	10	5.211423571001341E-5	3	4.0351240378379555E-5	11	3.2607883664066726E-5	14	1.2503820930369827E-5	2	5.456073470204954E-6	
77	file:/Users/Amanda/mallet-2.0.7/THATCamp/wp_207_posts.txt	2	0.6238720767113616	4	0.1581063704403924	12	0.08216965323303661	14	0.04279373298176482	13	0.0380036481898688	8	0.02748670503094505	5	0.021718607380407148	0	0.0033624210592354356	1	5.230266844852578E-4	6	5.155131562102541E-4	9	4.121618126670517E-4	7	3.888754267890366E-4	10	2.696716930561086E-4	3	2.088025884194403E-4	11	1.6873361136093381E-4	
78	file:/Users/Amanda/mallet-2.0.7/THATCamp/wp_208_posts.txt	2	0.9724658640527557	13	0.017452568114872984	0	0.005436119899453305	4	0.004210478575125134	8	1.401520033789533E-4	12	7.461201671469916E-5	1	3.963865289623318E-5	6	3.9069224704224176E-5	9	3.123653059015585E-5	7	2.9471723947575447E-5	5	2.683560478832965E-5	10	2.043762384229159E-5	3	1.5824533569140524E-5	11	1.2787823740286588E-5	14	4.903619621100364E-6	
79	file:/Users/Amanda/mallet-2.0.7/THATCamp/wp_209_posts.txt	12	0.7628304689646933	4	0.06250240794954248	13	0.055766800568145564	0	0.04908132455928827	8	0.02699407484507361	1	0.007634630524300418	6	0.007524955408259271	9	0.006016333868387087	7	0.005676422048018115	5	0.005168690469663098	10	0.003936402865127565	3	0.003047895379695352	11	0.0024630077546415117	14	9.444650941295968E-4	2	4.121197010346745E-4	
80	file:/Users/Amanda/mallet-2.0.7/THATCamp/wp_20_posts.txt	13	0.2505793610135602	0	0.24291129004758005	9	0.23436748150224876	4	0.20720011145444509	8	0.03217978146185002	1	0.03021232837526471	12	0.00184736267004228	6	1.8114277476075232E-4	7	1.3664437657165792E-4	5	1.244221238210387E-4	10	9.475816119557989E-5	3	7.336976716865485E-5	11	5.9290193061253206E-5	14	2.2735420814259217E-5	2	9.92065761573221E-6	
81	file:/Users/Amanda/mallet-2.0.7/THATCamp/wp_210_posts.txt	4	0.36791985912240854	12	0.30576269487950497	14	0.13608529449134654	11	0.10428844345986066	13	0.03914252942214351	0	0.03828525330435017	8	0.0034614402408966647	1	9.789858505195013E-4	6	9.649222509233433E-4	9	7.714722684228288E-4	7	7.278855013217395E-4	5	6.627792686770311E-4	10	5.047634845770661E-4	3	3.908304980952475E-4	2	5.2845956952218523E-5	
82	file:/Users/Amanda/mallet-2.0.7/THATCamp/wp_211_posts.txt	12	0.7628304689646933	4	0.06250240794954248	13	0.055766800568145564	0	0.04908132455928827	8	0.02699407484507361	1	0.007634630524300418	6	0.007524955408259271	9	0.006016333868387087	7	0.005676422048018115	5	0.005168690469663098	10	0.003936402865127565	3	0.003047895379695352	11	0.0024630077546415117	14	9.444650941295968E-4	2	4.121197010346745E-4	
83	file:/Users/Amanda/mallet-2.0.7/THATCamp/wp_212_posts.txt	12	0.7628304689646933	4	0.06250240794954248	13	0.055766800568145564	0	0.04908132455928827	8	0.02699407484507361	1	0.007634630524300418	6	0.007524955408259271	9	0.006016333868387087	7	0.005676422048018115	5	0.005168690469663098	10	0.003936402865127565	3	0.003047895379695352	11	0.0024630077546415117	14	9.444650941295968E-4	2	4.121197010346745E-4	
84	file:/Users/Amanda/mallet-2.0.7/THATCamp/wp_213_posts.txt	12	0.6380871740998809	4	0.1872457028143549	13	0.055766800568145564	0	0.04908132455928827	8	0.02699407484507361	1	0.007634630524300418	6	0.007524955408259271	9	0.006016333868387087	7	0.005676422048018115	5	0.005168690469663098	10	0.003936402865127565	3	0.003047895379695352	11	0.0024630077546415117	14	9.444650941295968E-4	2	4.121197010346745E-4	
85	file:/Users/Amanda/mallet-2.0.7/THATCamp/wp_214_posts.txt	12	0.5757155266674747	4	0.24961735024676113	13	0.055766800568145564	0	0.04908132455928827	8	0.02699407484507361	1	0.007634630524300418	6	0.007524955408259271	9	0.006016333868387087	7	0.005676422048018115	5	0.005168690469663098	10	0.003936402865127565	3	0.003047895379695352	11	0.0024630077546415117	14	9.444650941295968E-4	2	4.121197010346745E-4	
86	file:/Users/Amanda/mallet-2.0.7/THATCamp/wp_215_posts.txt	4	0.3564542788975026	11	0.21659696971139333	13	0.20623674674400505	12	0.0876798163989749	0	0.05607649078416077	8	0.0308413231074925	1	0.008722732975945854	6	0.008597426748186985	9	0.0068737935203339404	7	0.006485436803527674	5	0.005905342329099631	10	0.004497426688687372	3	0.003482287381305568	14	0.0010790721037478024	2	4.7085580563592554E-4	
87	file:/Users/Amanda/mallet-2.0.7/THATCamp/wp_216_posts.txt	12	0.6380871740998809	8	0.15173736970988605	4	0.06250240794954248	13	0.055766800568145564	0	0.04908132455928827	1	0.007634630524300418	6	0.007524955408259271	9	0.006016333868387087	7	0.005676422048018115	5	0.005168690469663098	10	0.003936402865127565	3	0.003047895379695352	11	0.0024630077546415117	14	9.444650941295968E-4	2	4.121197010346745E-4	
88	file:/Users/Amanda/mallet-2.0.7/THATCamp/wp_217_posts.txt	12	0.6380871740998809	4	0.12487405538194869	6	0.06989660284066548	13	0.055766800568145564	0	0.04908132455928827	8	0.02699407484507361	1	0.007634630524300418	9	0.006016333868387087	7	0.005676422048018115	5	0.005168690469663098	10	0.003936402865127565	3	0.003047895379695352	11	0.0024630077546415117	14	9.444650941295968E-4	2	4.121197010346745E-4	
89	file:/Users/Amanda/mallet-2.0.7/THATCamp/wp_218_posts.txt	4	0.4988060706026676	12	0.18535843961870693	13	0.15741017599937615	0	0.06539699875796562	8	0.03596747836304337	1	0.010172543781129794	6	0.010026410328295637	9	0.008016290963035133	7	0.007563385237810959	5	0.006886872904510872	10	0.005244946740804355	3	0.004061080505673225	11	0.003281763817856638	14	0.0012584253408468077	2	5.491170382767803E-4	
90	file:/Users/Amanda/mallet-2.0.7/THATCamp/wp_219_posts.txt	4	0.42771525532472415	8	0.24462425238915717	13	0.20623674674400505	0	0.05607649078416077	12	0.01641883997175334	1	0.008722732975945854	6	0.008597426748186985	9	0.0068737935203339404	7	0.006485436803527674	5	0.005905342329099631	10	0.004497426688687372	3	0.003482287381305568	11	0.002814040429728657	14	0.0010790721037478024	2	4.7085580563592554E-4	
91	file:/Users/Amanda/mallet-2.0.7/THATCamp/wp_21_posts.txt	0	0.3501224874061255	13	0.2571785782774101	8	0.1546923406232133	4	0.10827412791301083	3	0.07399400066313716	9	0.01960148124625121	1	0.012622133166996568	7	0.010430457088578959	6	0.00699462450480839	10	0.004591805008977994	12	0.0013787368662112243	5	1.1284551017454652E-4	11	4.115161032202507E-6	14	1.5779998842120108E-6	2	6.885641878734897E-7	
92	file:/Users/Amanda/mallet-2.0.7/THATCamp/wp_220_posts.txt	4	0.339123759412274	1	0.2341909736161194	12	0.18257844302224233	10	0.10820623696952938	0	0.06758378541483857	13	0.0338034280777262	6	0.019999795384063223	8	0.007723922931050711	9	0.0017214777462681858	7	0.001624217413437693	5	0.0014789381399903725	3	8.72106532629281E-4	11	7.047502900031104E-4	14	2.702435864163682E-4	2	1.1792146341108676E-4	
93	file:/Users/Amanda/mallet-2.0.7/THATCamp/wp_221_posts.txt	5	0.25620279416141395	4	0.24949014934576447	0	0.14850230584359997	8	0.11907278544867773	11	0.08638707090349099	13	0.07430486891374181	12	0.01914782544743824	1	0.010172543781129794	6	0.010026410328295637	9	0.008016290963035133	7	0.007563385237810959	10	0.005244946740804355	3	0.004061080505673225	14	0.0012584253408468077	2	5.491170382767803E-4	
94	file:/Users/Amanda/mallet-2.0.7/THATCamp/wp_222_posts.txt	12	0.7628304689646933	4	0.06250240794954248	13	0.055766800568145564	0	0.04908132455928827	8	0.02699407484507361	1	0.007634630524300418	6	0.007524955408259271	9	0.006016333868387087	7	0.005676422048018115	5	0.005168690469663098	10	0.003936402865127565	3	0.003047895379695352	11	0.0024630077546415117	14	9.444650941295968E-4	2	4.121197010346745E-4	
95	file:/Users/Amanda/mallet-2.0.7/THATCamp/wp_223_posts.txt	12	0.5757155266674747	4	0.24961735024676113	13	0.055766800568145564	0	0.04908132455928827	8	0.02699407484507361	1	0.007634630524300418	6	0.007524955408259271	9	0.006016333868387087	7	0.005676422048018115	5	0.005168690469663098	10	0.003936402865127565	3	0.003047895379695352	11	0.0024630077546415117	14	9.444650941295968E-4	2	4.121197010346745E-4	
96	file:/Users/Amanda/mallet-2.0.7/THATCamp/wp_224_posts.txt	4	0.3564542788975026	9	0.2206567228019986	13	0.20623674674400505	5	0.07716631875632118	0	0.05607649078416077	8	0.0308413231074925	12	0.01641883997175334	1	0.008722732975945854	6	0.008597426748186985	7	0.006485436803527674	10	0.004497426688687372	3	0.003482287381305568	11	0.002814040429728657	14	0.0010790721037478024	2	4.7085580563592554E-4	
97	file:/Users/Amanda/mallet-2.0.7/THATCamp/wp_225_posts.txt	12	0.7628304689646933	4	0.06250240794954248	13	0.055766800568145564	0	0.04908132455928827	8	0.02699407484507361	1	0.007634630524300418	6	0.007524955408259271	9	0.006016333868387087	7	0.005676422048018115	5	0.005168690469663098	10	0.003936402865127565	3	0.003047895379695352	11	0.0024630077546415117	14	9.444650941295968E-4	2	4.121197010346745E-4	
98	file:/Users/Amanda/mallet-2.0.7/THATCamp/wp_226_posts.txt	12	0.7628304689646933	4	0.06250240794954248	13	0.055766800568145564	0	0.04908132455928827	8	0.02699407484507361	1	0.007634630524300418	6	0.007524955408259271	9	0.006016333868387087	7	0.005676422048018115	5	0.005168690469663098	10	0.003936402865127565	3	0.003047895379695352	11	0.0024630077546415117	14	9.444650941295968E-4	2	4.121197010346745E-4	
99	file:/Users/Amanda/mallet-2.0.7/THATCamp/wp_227_posts.txt	12	0.7628304689646933	4	0.06250240794954248	13	0.055766800568145564	0	0.04908132455928827	8	0.02699407484507361	1	0.007634630524300418	6	0.007524955408259271	9	0.006016333868387087	7	0.005676422048018115	5	0.005168690469663098	10	0.003936402865127565	3	0.003047895379695352	11	0.0024630077546415117	14	9.444650941295968E-4	2	4.121197010346745E-4	
100	file:/Users/Amanda/mallet-2.0.7/THATCamp/wp_228_posts.txt	12	0.6380871740998809	4	0.1872457028143549	13	0.055766800568145564	0	0.04908132455928827	8	0.02699407484507361	1	0.007634630524300418	6	0.007524955408259271	9	0.006016333868387087	7	0.005676422048018115	5	0.005168690469663098	10	0.003936402865127565	3	0.003047895379695352	11	0.0024630077546415117	14	9.444650941295968E-4	2	4.121197010346745E-4	
101	file:/Users/Amanda/mallet-2.0.7/THATCamp/wp_229_posts.txt	12	0.6380871740998809	4	0.1872457028143549	13	0.055766800568145564	0	0.04908132455928827	8	0.02699407484507361	1	0.007634630524300418	6	0.007524955408259271	9	0.006016333868387087	7	0.005676422048018115	5	0.005168690469663098	10	0.003936402865127565	3	0.003047895379695352	11	0.0024630077546415117	14	9.444650941295968E-4	2	4.121197010346745E-4	
102	file:/Users/Amanda/mallet-2.0.7/THATCamp/wp_22_posts.txt	13	0.3409284503140737	0	0.3176825525778946	4	0.19315466467534073	6	0.05846953912628249	1	0.05444729651950591	3	0.01614520632359063	12	0.009285813501754668	8	0.008483415168201405	10	0.0010694938041570321	9	9.703847070013183E-5	7	9.155597522314032E-5	5	8.336668636923841E-5	11	3.972627036023398E-5	14	1.5233437899044379E-5	2	6.64714864710818E-6	
103	file:/Users/Amanda/mallet-2.0.7/THATCamp/wp_230_posts.txt	12	0.7628304689646933	4	0.06250240794954248	13	0.055766800568145564	0	0.04908132455928827	8	0.02699407484507361	1	0.007634630524300418	6	0.007524955408259271	9	0.006016333868387087	7	0.005676422048018115	5	0.005168690469663098	10	0.003936402865127565	3	0.003047895379695352	11	0.0024630077546415117	14	9.444650941295968E-4	2	4.121197010346745E-4	
104	file:/Users/Amanda/mallet-2.0.7/THATCamp/wp_231_posts.txt	12	0.6380871740998809	13	0.11813844800055176	1	0.07000627795670662	4	0.06250240794954248	0	0.04908132455928827	8	0.02699407484507361	6	0.007524955408259271	9	0.006016333868387087	7	0.005676422048018115	5	0.005168690469663098	10	0.003936402865127565	3	0.003047895379695352	11	0.0024630077546415117	14	9.444650941295968E-4	2	4.121197010346745E-4	
105	file:/Users/Amanda/mallet-2.0.7/THATCamp/wp_232_posts.txt	12	0.7628304689646933	4	0.06250240794954248	13	0.055766800568145564	0	0.04908132455928827	8	0.02699407484507361	1	0.007634630524300418	6	0.007524955408259271	9	0.006016333868387087	7	0.005676422048018115	5	0.005168690469663098	10	0.003936402865127565	3	0.003047895379695352	11	0.0024630077546415117	14	9.444650941295968E-4	2	4.121197010346745E-4	
106	file:/Users/Amanda/mallet-2.0.7/THATCamp/wp_233_posts.txt	0	0.28275034401921834	13	0.27611647122553074	4	0.1867140988917749	6	0.13966895893124084	8	0.11302124415560898	12	0.0011841822656818192	1	1.1780710912293658E-4	9	9.283578272676697E-5	7	8.759073140608727E-5	5	7.9756116585364E-5	10	6.07411505256067E-5	3	4.703092604785436E-5	11	3.800574532037091E-5	14	1.4573685269088444E-5	2	6.359263940405645E-6	
107	file:/Users/Amanda/mallet-2.0.7/THATCamp/wp_234_posts.txt	4	0.46053330857073355	7	0.23716928059923556	13	0.14533229130132103	0	0.0603791693477457	8	0.033207739014614254	12	0.0176786368990844	1	0.009392017299316505	6	0.009257096482404099	9	0.007401211046232399	5	0.0063584518139253934	10	0.004842508578336852	3	0.00374947890948903	11	0.003029958210330484	14	0.0011618679482172567	2	5.069839790133768E-4	
108	file:/Users/Amanda/mallet-2.0.7/THATCamp/wp_235_posts.txt	13	0.4238158601840571	0	0.23015946383304853	4	0.16024286669973803	8	0.11627301015528013	9	0.036228978648553414	6	0.02073306597647157	10	0.00989792582588385	5	0.0019186118699234425	7	5.126845739398978E-4	12	1.0827105233166531E-4	1	5.7520475267347604E-5	3	2.2963310437513837E-5	11	1.85566775213558E-5	14	7.115744621149515E-6	2	3.1049729250288595E-6	
109	file:/Users/Amanda/mallet-2.0.7/THATCamp/wp_237_posts.txt	13	0.3359402873713249	4	0.2288501371399505	1	0.18212540755222767	9	0.16976951355579073	0	0.04560741655915662	8	0.029299148204377644	12	0.0027748554185258005	6	0.001453002540899831	7	0.0010960670477777753	5	9.980285567276895E-4	10	7.600846855195955E-4	3	5.885217241597792E-4	11	4.755850807862752E-4	14	1.8236788221432867E-4	2	7.957668056092603E-5	
110	file:/Users/Amanda/mallet-2.0.7/THATCamp/wp_239_posts.txt	4	0.5431350712193143	12	0.33085892488261287	13	0.04114674320163246	0	0.03881824160733489	8	0.03112541672769134	1	0.0026590850560459936	6	0.002620886028449717	9	0.0020954443611503285	7	0.0019770556010080234	5	0.0018002164667252042	10	0.0013710198548470666	3	0.0010615593028036137	11	8.578472910308616E-4	14	3.2895017116590735E-4	2	1.4353822818738988E-4	
111	file:/Users/Amanda/mallet-2.0.7/THATCamp/wp_23_posts.txt	0	0.29117722708931976	14	0.27729402499152805	4	0.18485564255268983	13	0.15131084765644062	5	0.04760677969743268	8	0.03471096048618606	3	0.012366601672107746	12	2.0281486480986792E-4	1	1.0774816688222562E-4	6	1.062003129725419E-4	9	8.49090134233521E-5	7	8.011181001844821E-5	10	5.5554776551063176E-5	11	3.47606304895347E-5	2	5.8162791481786865E-6	
112	file:/Users/Amanda/mallet-2.0.7/THATCamp/wp_240_posts.txt	12	0.7004588215322871	4	0.12487405538194869	13	0.055766800568145564	0	0.04908132455928827	8	0.02699407484507361	1	0.007634630524300418	6	0.007524955408259271	9	0.006016333868387087	7	0.005676422048018115	5	0.005168690469663098	10	0.003936402865127565	3	0.003047895379695352	11	0.0024630077546415117	14	9.444650941295968E-4	2	4.121197010346745E-4	
113	file:/Users/Amanda/mallet-2.0.7/THATCamp/wp_241_posts.txt	12	0.4553852601505452	4	0.3747439425345513	0	0.09459506532996408	9	0.027388940752662395	13	0.022334240135097546	8	0.010810951025923601	1	0.003057619761852897	6	0.003013695592749553	7	0.0022733700308605427	5	0.0020700268431641977	10	0.001576503689696405	3	0.0012206622331433126	11	9.864185516533423E-4	14	3.782521141002472E-4	2	1.6505125403537394E-4	
114	file:/Users/Amanda/mallet-2.0.7/THATCamp/wp_242_posts.txt	14	0.9123575832641037	12	0.0629044967714445	13	0.00958802404134174	4	0.006956700164446451	0	0.00387592436761506	5	0.0015060078505501368	11	0.0014456768019280735	8	6.019112414563933E-4	1	1.7023624492843803E-4	6	1.6779071991481642E-4	9	1.3415162432943686E-4	7	1.2657230379490374E-4	10	8.777352619120573E-5	3	6.796167315793155E-5	2	9.189404797241611E-6	
115	file:/Users/Amanda/mallet-2.0.7/THATCamp/wp_243_posts.txt	12	0.7628304689646933	4	0.06250240794954248	13	0.055766800568145564	0	0.04908132455928827	8	0.02699407484507361	1	0.007634630524300418	6	0.007524955408259271	9	0.006016333868387087	7	0.005676422048018115	5	0.005168690469663098	10	0.003936402865127565	3	0.003047895379695352	11	0.0024630077546415117	14	9.444650941295968E-4	2	4.121197010346745E-4	
116	file:/Users/Amanda/mallet-2.0.7/THATCamp/wp_244_posts.txt	4	0.45941553707787747	12	0.32809166848567883	0	0.10502572277924647	13	0.1040467973113391	8	0.0015709893364722568	3	0.0011500315952865158	1	1.3421167351325737E-4	6	1.3228365868401428E-4	9	1.0576310593166659E-4	7	9.97876845784718E-5	5	9.086210466865704E-5	10	6.919931678023964E-5	11	4.3298020981422435E-5	14	1.6603061596042926E-5	2	7.244787365622423E-6	
117	file:/Users/Amanda/mallet-2.0.7/THATCamp/wp_245_posts.txt	13	0.3179529078691758	5	0.27153468500455286	0	0.19051585975295582	4	0.12002240133315643	8	0.09981598548964295	12	4.368656159701701E-5	1	2.3209082499346433E-5	6	2.2875672937715073E-5	9	1.8289501849574176E-5	7	1.7256178566104688E-5	10	1.1966564532051265E-5	3	9.265524388059138E-6	11	7.487480892763041E-6	14	2.8711498503610183E-6	2	1.252833403067165E-6	
118	file:/Users/Amanda/mallet-2.0.7/THATCamp/wp_246_posts.txt	12	0.7004588215322871	8	0.08936572227747983	4	0.06250240794954248	13	0.055766800568145564	0	0.04908132455928827	1	0.007634630524300418	6	0.007524955408259271	9	0.006016333868387087	7	0.005676422048018115	5	0.005168690469663098	10	0.003936402865127565	3	0.003047895379695352	11	0.0024630077546415117	14	9.444650941295968E-4	2	4.121197010346745E-4	
119	file:/Users/Amanda/mallet-2.0.7/THATCamp/wp_247_posts.txt	13	0.2331931196200568	8	0.22521651672855697	4	0.21110511808999896	0	0.18244556797346823	12	0.10398392666973466	6	0.02483929530461353	10	0.01736116101719763	1	0.0013856294348382908	9	1.1908088161760408E-4	7	1.1235303038340499E-4	5	1.0230353424534874E-4	3	6.0326783192576796E-5	11	4.875014273972405E-5	14	1.869373251656946E-5	2	8.157056839724401E-6	
120	file:/Users/Amanda/mallet-2.0.7/THATCamp/wp_249_posts.txt	13	0.3642460991859513	0	0.23958766029836684	4	0.14255406692516207	8	0.10899113272049842	7	0.08082806141460765	6	0.04494148221469843	1	0.011680053267848092	9	0.006914589105625303	12	1.2164749679548166E-4	5	4.375279333322208E-5	10	3.332151964701723E-5	3	2.5800333262708486E-5	11	2.0849278922670245E-5	14	7.994865685309238E-6	2	3.488579595499494E-6	
121	file:/Users/Amanda/mallet-2.0.7/THATCamp/wp_24_posts.txt	0	0.2844303712999801	13	0.25525462625721657	4	0.19352845223515605	8	0.12377761264841797	3	0.11225984818049775	1	0.012847106423960874	5	0.007512847083074852	11	0.006320631506892068	6	0.0019965636838958985	14	0.0019757501451061654	12	4.5453317753141636E-5	9	1.902915928206468E-5	7	1.7954046711327014E-5	10	1.2450512015711956E-5	2	1.3035000393633622E-6	
122	file:/Users/Amanda/mallet-2.0.7/THATCamp/wp_250_posts.txt	4	0.3009805429891445	13	0.17290006170381844	8	0.13483854246956883	6	0.12304385574302322	0	0.11113907085375925	3	0.10737413925094787	1	0.0414338837673139	12	0.006276518900013971	9	4.920573139529745E-4	7	4.6425697890334035E-4	5	4.2273118560133874E-4	10	3.2194619893505575E-4	11	2.0144177608932414E-4	14	7.724487495311524E-5	2	3.370599397479742E-5	
123	file:/Users/Amanda/mallet-2.0.7/THATCamp/wp_251_posts.txt	4	0.5461209436290202	13	0.27263103760754553	0	0.10756375746048001	12	0.04509606239741727	9	0.01644946916378778	8	0.00976896525835471	1	4.915232186696193E-4	6	4.8446225273643834E-4	7	3.6545229355741747E-4	5	3.3276415510475384E-4	10	2.534285582110873E-4	3	1.9622578229918952E-4	11	1.5857027989976772E-4	14	6.080536857809799E-5	2	2.653257433807331E-5	
124	file:/Users/Amanda/mallet-2.0.7/THATCamp/wp_253_posts.txt	4	0.5296467966990942	5	0.2706700388283464	0	0.09612838987646405	13	0.0804943493670472	8	0.013147897810911746	1	0.006065976960434248	12	0.0012452073769632966	6	6.520301816791976E-4	9	5.213095696143934E-4	7	4.918565358134452E-4	10	3.410855395228685E-4	3	2.6409721657362874E-4	11	2.1341726383833535E-4	14	8.183699616865072E-5	2	3.570977752828657E-5	
125	file:/Users/Amanda/mallet-2.0.7/THATCamp/wp_254_posts.txt	14	0.9628753387596614	4	0.021171425322592353	13	0.0047298901800745885	0	0.0041628580569966715	8	0.002289516490620468	12	0.001218858371969634	1	6.475351567149636E-4	6	6.382330047342763E-4	9	5.102784845862016E-4	7	4.814486868413972E-4	5	4.3838516908336164E-4	10	3.3386805531066324E-4	3	2.585088310508243E-4	11	2.089012830831267E-4	2	3.495414668010606E-5	
126	file:/Users/Amanda/mallet-2.0.7/THATCamp/wp_255_posts.txt	4	0.3379009970085872	12	0.24256926139499496	0	0.22224788073979024	13	0.15336697518194614	6	0.029854423510582664	8	0.006092864621989063	1	0.0017232215028831442	9	0.001357953846951717	7	0.001281231947171552	5	0.0011666312509454127	10	8.884901554316161E-4	3	6.879440779893522E-4	11	5.559283990308229E-4	14	2.1317633561262724E-4	2	9.302002609350882E-5	
127	file:/Users/Amanda/mallet-2.0.7/THATCamp/wp_256_posts.txt	12	0.7628304689646933	4	0.06250240794954248	13	0.055766800568145564	0	0.04908132455928827	8	0.02699407484507361	1	0.007634630524300418	6	0.007524955408259271	9	0.006016333868387087	7	0.005676422048018115	5	0.005168690469663098	10	0.003936402865127565	3	0.003047895379695352	11	0.0024630077546415117	14	9.444650941295968E-4	2	4.121197010346745E-4	
128	file:/Users/Amanda/mallet-2.0.7/THATCamp/wp_257_posts.txt	12	0.7628304689646933	4	0.06250240794954248	13	0.055766800568145564	0	0.04908132455928827	8	0.02699407484507361	1	0.007634630524300418	6	0.007524955408259271	9	0.006016333868387087	7	0.005676422048018115	5	0.005168690469663098	10	0.003936402865127565	3	0.003047895379695352	11	0.0024630077546415117	14	9.444650941295968E-4	2	4.121197010346745E-4	
129	file:/Users/Amanda/mallet-2.0.7/THATCamp/wp_258_posts.txt	12	0.6939860707968665	4	0.1561548418387213	10	0.0331881033750209	14	0.031690596819030324	13	0.027912060961602828	0	0.024565887037055534	8	0.013510910703171066	1	0.003821238988835061	6	0.0037663450646055257	9	0.0030112589567438466	7	0.0028411283529607857	5	0.0025870016212351877	3	0.0015255141190803523	11	0.0012327697105815958	2	2.0627165448914125E-4	
130	file:/Users/Amanda/mallet-2.0.7/THATCamp/wp_260_posts.txt	12	0.7628304689646933	4	0.06250240794954248	13	0.055766800568145564	0	0.04908132455928827	8	0.02699407484507361	1	0.007634630524300418	6	0.007524955408259271	9	0.006016333868387087	7	0.005676422048018115	5	0.005168690469663098	10	0.003936402865127565	3	0.003047895379695352	11	0.0024630077546415117	14	9.444650941295968E-4	2	4.121197010346745E-4	
131	file:/Users/Amanda/mallet-2.0.7/THATCamp/wp_261_posts.txt	12	0.7004588215322871	8	0.08936572227747983	4	0.06250240794954248	13	0.055766800568145564	0	0.04908132455928827	1	0.007634630524300418	6	0.007524955408259271	9	0.006016333868387087	7	0.005676422048018115	5	0.005168690469663098	10	0.003936402865127565	3	0.003047895379695352	11	0.0024630077546415117	14	9.444650941295968E-4	2	4.121197010346745E-4	
132	file:/Users/Amanda/mallet-2.0.7/THATCamp/wp_262_posts.txt	4	0.5953721983608002	12	0.2813008997011524	0	0.05925460061554176	3	0.022300689595210192	13	0.01901019260804361	8	0.00920193657969894	1	0.002602548385052999	6	0.0025651615337541874	9	0.0020508916499983793	7	0.0019350200362580727	5	0.0017619408027467244	10	0.0013418696408356307	11	8.396079985550649E-4	14	3.219561310324374E-4	2	1.40486361319312E-4	
133	file:/Users/Amanda/mallet-2.0.7/THATCamp/wp_26_posts.txt	2	0.37809492133933276	13	0.2857828242044633	4	0.1865570992982665	8	0.05828575843644623	0	0.0318056467904463	12	0.030421399783749307	10	0.025030566920468133	5	0.00269348394491498	1	3.044662698072018E-4	6	3.000924663382016E-4	9	2.3992919172606577E-4	7	2.26373632792112E-4	3	1.2154895172264833E-4	11	9.82238473983819E-5	14	3.766492212785841E-5	
134	file:/Users/Amanda/mallet-2.0.7/THATCamp/wp_27_posts.txt	4	0.38196525316172475	0	0.21955338047322293	13	0.17758648737277388	5	0.10307251114036933	8	0.0724724530318585	12	0.018223008030722864	9	0.013816312893354499	1	0.012121893855207065	6	9.619016144399296E-4	7	7.811766681533689E-5	10	5.417190703364546E-5	3	4.194446321026734E-5	11	3.389536886318264E-5	14	1.299752007828439E-5	2	5.671500325579775E-6	
135	file:/Users/Amanda/mallet-2.0.7/THATCamp/wp_29_posts.txt	0	0.2518026741254387	7	0.2300803883189979	8	0.22144793604358773	13	0.17232327034760417	4	0.1197738273443404	5	0.0033554138884927124	10	0.0010420820066400396	12	5.9092695204471596E-5	1	3.139380138818162E-5	6	3.094281442826753E-5	9	2.4739323002987338E-5	3	1.2533025913638455E-5	11	1.0127952625952663E-5	14	3.883665291830447E-6	2	1.6946470430047304E-6	
136	file:/Users/Amanda/mallet-2.0.7/THATCamp/wp_2_posts.txt	0	0.3477599304573987	13	0.32840490587606375	8	0.1202517393746031	4	0.08488855121852623	3	0.07586256962062973	10	0.015458820295019401	9	0.00863899006508564	1	0.006634776942548976	7	0.004725150920550146	6	0.003724716477295309	12	0.0036353887884731356	5	8.31516730764356E-6	11	3.962381125368996E-6	14	1.5194148924202876E-6	2	6.630004804878032E-7	
137	file:/Users/Amanda/mallet-2.0.7/THATCamp/wp_32_posts.txt	4	0.3318616066372581	13	0.31396125511562983	0	0.13043708057938733	8	0.07173865716438885	12	0.03819114788510579	1	0.02028956891106495	6	0.01999809955735319	9	0.015988831447190335	7	0.015085491818493144	5	0.013736159350527792	10	0.010461268156920766	3	0.008099996868638503	11	0.00654561676655145	14	0.0025099825787828598	2	0.0010952371627069302	
138	file:/Users/Amanda/mallet-2.0.7/THATCamp/wp_3_posts.txt	0	0.36063653030781384	8	0.2484993691890229	13	0.2327430363483292	4	0.06565914742049032	3	0.04201225097255501	7	0.02673242225627839	1	0.017940728718501154	10	0.004957560521117868	6	7.787415822683475E-4	12	1.9672448475782126E-5	9	8.235925868975632E-6	5	7.075563371159518E-6	11	3.371679452253842E-6	14	1.292904395143183E-6	2	5.641620596723838E-7	
139	file:/Users/Amanda/mallet-2.0.7/THATCamp/wp_41_posts.txt	11	0.34973742430004395	13	0.277428067023439	8	0.15418613603573306	0	0.12243506841836684	4	0.09598633172626887	12	1.4874268215642525E-4	1	1.479750701886338E-5	6	1.458493375886764E-5	9	1.1660910421521827E-5	7	1.100209038672186E-5	5	1.0018000643217816E-5	10	7.62957013314493E-6	3	5.9074572279889065E-6	14	1.8305704270783697E-6	2	7.987739746228625E-7	
140	file:/Users/Amanda/mallet-2.0.7/THATCamp/wp_42_posts.txt	13	0.29587122770640306	0	0.24593860689349673	8	0.22883758119314426	4	0.1507266575421199	7	0.032255699101458146	11	0.02253594844245793	9	0.006270357927210577	1	0.005932851739759094	12	0.005277280181986174	3	0.0034818960624472604	10	0.0021008464598555876	6	7.347965552513381E-4	5	2.8713889723557352E-5	14	5.2468350967733865E-6	2	2.2894695896127817E-6	
141	file:/Users/Amanda/mallet-2.0.7/THATCamp/wp_43_posts.txt	14	0.8571211313545091	4	0.06478399236549645	13	0.04799422712271403	0	0.024561642068031724	8	0.002379926312134162	5	0.0017986877206057532	12	3.827105701004359E-4	1	2.0332021725050168E-4	6	2.0039942516377482E-4	9	1.6022285627032394E-4	7	1.5117055898580464E-4	10	1.048315675756388E-4	3	8.116944870927385E-5	11	6.559312466653653E-5	2	1.0975287786472147E-5	
142	file:/Users/Amanda/mallet-2.0.7/THATCamp/wp_45_posts.txt	13	0.4148625960731008	0	0.3118258043853107	4	0.10742048769073777	8	0.07691496147084499	6	0.04751403285188312	3	0.02647846259837629	1	0.014302525828256345	7	5.425510612257053E-4	12	5.978266629069353E-5	9	2.502818133828078E-5	5	2.1501952050219656E-5	10	1.6375588004951118E-5	11	1.0246207419550299E-5	14	3.929011281730801E-6	2	1.7144338788730033E-6	
143	file:/Users/Amanda/mallet-2.0.7/THATCamp/wp_46_posts.txt	4	0.4149710829689377	0	0.324440586870583	10	0.14514583250444968	13	0.10722643613887485	8	0.006081484407161893	12	5.759635004464731E-4	1	3.0598847585632167E-4	6	3.0159280516996965E-4	9	2.4112873894434098E-4	7	2.2750540779436628E-4	5	2.0715602594668188E-4	3	1.221566464590589E-4	11	9.871492621237442E-5	14	3.7853231237892046E-5	2	1.651735192535964E-5	
144	file:/Users/Amanda/mallet-2.0.7/THATCamp/wp_47_posts.txt	0	0.24168549193950728	8	0.24049716073778546	13	0.21851938921638692	10	0.1656020491988598	4	0.1327600834082465	1	5.665758759587609E-4	12	1.1630516649749779E-4	6	6.09010838231069E-5	9	4.8691484978672813E-5	7	4.5940505452331097E-5	5	4.1831324502355176E-5	3	2.4667273350105595E-5	11	1.9933651906793705E-5	14	7.6437592975572E-6	2	3.3353734469069032E-6	
145	file:/Users/Amanda/mallet-2.0.7/THATCamp/wp_48_posts.txt	0	0.33433639849175306	4	0.22059038910409778	10	0.15286928848503767	13	0.15237956372754674	8	0.11118291560312808	7	0.013793306727757063	9	0.01108514211942789	6	0.001607720505005713	5	0.0015991909181330979	12	5.035872168053904E-4	1	2.7637063740436936E-5	3	1.1033262004586967E-5	11	8.915991689650939E-6	14	3.418926682043891E-6	2	1.4918571907222438E-6	
146	file:/Users/Amanda/mallet-2.0.7/THATCamp/wp_49_posts.txt	4	0.3375568821514368	0	0.23090449434747962	13	0.1932445998054233	10	0.15937555328162062	8	0.049839325907345786	1	0.02163183455044394	5	0.007225027875533154	12	7.895879523423707E-5	6	4.1345336169870496E-5	9	3.3056321639543595E-5	7	3.118870014296401E-5	3	1.6746445958441957E-5	11	1.3532822200232572E-5	14	5.189296773059513E-6	2	2.264362598455156E-6	
147	file:/Users/Amanda/mallet-2.0.7/THATCamp/wp_4_posts.txt	0	0.3606165826983703	13	0.2536234170090058	8	0.19129737134335312	7	0.10001182165460522	4	0.061320765152805386	9	0.013894339885667246	3	0.012135912007435783	6	0.005811382170812771	1	8.251183689402208E-4	11	2.7486255669407627E-4	12	1.6582195477735177E-4	5	1.1168310437431402E-5	10	8.505630093845537E-6	14	2.040764373581215E-6	2	8.904926277848231E-7	
148	file:/Users/Amanda/mallet-2.0.7/THATCamp/wp_52_posts.txt	4	0.3569030583775281	11	0.3066499882099182	13	0.1947919674273458	0	0.10343319435544807	9	0.020590851357153717	8	0.014830669321216787	1	0.0017646971086227726	12	3.6225225913247934E-4	6	1.896868029419106E-4	7	1.4308953236529662E-4	5	1.3029078810362232E-4	10	9.92276543935233E-5	3	7.68304260834913E-5	14	2.380779080750949E-5	2	1.0388588938725304E-5	
149	file:/Users/Amanda/mallet-2.0.7/THATCamp/wp_53_posts.txt	13	0.5721418308037586	0	0.2143215867137272	4	0.14934200178203544	8	0.027588558875062463	10	0.02738632950573481	14	0.004384572304685594	9	0.002787947286295406	12	0.001220111701879254	5	5.923685595836169E-4	1	6.696020818241111E-5	6	6.599829279185352E-5	7	4.9785566027944817E-5	3	2.673183836375773E-5	11	2.1602029263989948E-5	2	3.6145326076383364E-6	
150	file:/Users/Amanda/mallet-2.0.7/THATCamp/wp_54_posts.txt	0	0.27309811640031306	4	0.2631350202947568	8	0.1632254326355609	5	0.1476344699524862	13	0.14369759413089345	7	0.007763042522783183	10	7.971738051415771E-4	12	4.754206764447713E-4	1	4.7296718699787044E-5	6	4.661727873275079E-5	9	3.727133221069398E-5	3	1.888178477543824E-5	11	1.5258391949143889E-5	14	5.850983847434933E-6	2	2.55309140480815E-6	
151	file:/Users/Amanda/mallet-2.0.7/THATCamp/wp_55_posts.txt	13	0.2933212836875368	4	0.26030017671504163	0	0.1994470446149732	14	0.0715904475925708	8	0.065851749335455	11	0.046116036230968036	10	0.02931786699507638	1	0.017961938206477526	2	0.007053348832394129	12	0.004463263236134759	6	0.0027768739811653027	9	0.0011368882873701764	7	5.916432611497933E-4	5	4.493912771801772E-5	3	2.6499895968468276E-5	
152	file:/Users/Amanda/mallet-2.0.7/THATCamp/wp_57_posts.txt	0	0.34772607187088866	13	0.3413167297329329	8	0.1946721604103246	4	0.06902417242669992	3	0.01589416477901128	6	0.015340420188259058	9	0.010040871564006836	12	0.0030692706705479924	7	0.0028538040260849304	1	2.3147636748242855E-5	5	1.56710883486833E-5	10	1.1934883204457983E-5	11	7.4676578822092E-6	14	2.8635485176029772E-6	2	1.2495165425466648E-6	
153	file:/Users/Amanda/mallet-2.0.7/THATCamp/wp_58_posts.txt	0	0.3063516264977982	4	0.24058878802744685	13	0.20380259614738125	8	0.11175139538017924	7	0.10711804780396735	9	0.016620032350287167	12	0.008615645468912712	5	0.002725259632443324	6	0.002294162865123118	1	5.484034928960989E-5	10	2.8275593348113975E-5	3	2.189335118296343E-5	11	1.7692042219677067E-5	14	6.784191519033263E-6	2	2.9602989014248493E-6	
154	file:/Users/Amanda/mallet-2.0.7/THATCamp/wp_60_posts.txt	13	0.3241125667199571	0	0.3230690668300952	4	0.15174090506274332	1	0.13017730373573969	8	0.03810701158751415	5	0.031179870505792698	10	0.0010019595334185318	12	2.1715100319896893E-4	6	1.1370717093962185E-4	9	9.09108780700108E-5	7	8.577458032920683E-5	3	4.6055762744416535E-5	11	3.721771473559104E-5	14	1.4271507016085155E-5	2	6.227407705526299E-6	
155	file:/Users/Amanda/mallet-2.0.7/THATCamp/wp_61_posts.txt	0	0.3141384263912062	13	0.2899926541401607	8	0.13418134407944357	4	0.11605705154342713	1	0.070337502754981	3	0.044598378191716796	12	0.02730027729926685	5	0.002810764756116687	6	1.6280930045391184E-4	9	1.3016889207531765E-4	7	1.228145886026955E-4	10	8.516768033904498E-5	11	5.32894280151631E-5	14	2.0434367107292713E-5	2	8.916587087690397E-6	
156	file:/Users/Amanda/mallet-2.0.7/THATCamp/wp_62_posts.txt	4	0.39422622304747174	12	0.25169217626913165	0	0.2142647397291398	13	0.096383266940452	7	0.0325804190506082	8	0.005134856385021172	6	0.0040161821360685775	1	4.3867749620214995E-4	9	3.4569194531415553E-4	5	2.969872853255711E-4	10	2.2618139115191332E-4	3	1.7512872556113318E-4	11	1.4152172413498996E-4	14	5.426792841177659E-5	2	2.3679946005250286E-5	
157	file:/Users/Amanda/mallet-2.0.7/THATCamp/wp_64_posts.txt	13	0.33243536711448773	0	0.26268460619935113	4	0.16652164033504038	7	0.1071989282729458	8	0.08741858705490381	3	0.02018098594182452	6	0.011558705408177161	12	0.005540254090050709	5	0.004345354697944542	9	0.0014682832297441886	1	6.11462210415574E-4	10	1.8182499762872517E-5	11	1.1376792327700727E-5	14	4.362545435119292E-6	2	1.9036075887256083E-6	
158	file:/Users/Amanda/mallet-2.0.7/THATCamp/wp_66_posts.txt	12	0.6553478602182279	4	0.09082780805480542	13	0.08103969789329078	0	0.0713244380879773	8	0.03922749105322021	1	0.011094560651012372	6	0.010935181985214157	9	0.00874286984643265	7	0.008248913747957913	5	0.0075110838329981245	10	0.005720337113232928	3	0.004429167860885977	11	0.0035792156320869246	14	0.0013724862305036153	2	5.988877921535375E-4	
159	file:/Users/Amanda/mallet-2.0.7/THATCamp/wp_67_posts.txt	13	0.44221297613461896	0	0.28138791396033047	8	0.08333830301318022	4	0.0757518018118468	6	0.047203525003676264	9	0.03902531544459161	5	0.028251741187473693	12	0.0019421984462299382	1	4.1678118915539314E-4	7	4.0512302818497515E-4	10	2.3435307732503032E-5	3	1.8145593478862584E-5	11	1.466347491739634E-5	14	5.622856928496129E-6	2	2.4535476543663567E-6	
160	file:/Users/Amanda/mallet-2.0.7/THATCamp/wp_68_posts.txt	0	0.3152107974492519	13	0.29773620153942526	4	0.14674864330329251	7	0.1417229829897535	8	0.09631359392436149	1	0.0016046526394271343	3	4.082729614455173E-4	12	8.968525158253809E-5	6	4.696204982813117E-5	9	3.754698275019103E-5	5	3.2256975119890546E-5	10	2.4566464180348227E-5	11	1.5371239645299812E-5	14	5.894256431441769E-6	2	2.571973504839946E-6	
161	file:/Users/Amanda/mallet-2.0.7/THATCamp/wp_69_posts.txt	13	0.3313287837969804	0	0.3208109415317072	4	0.15719405371390013	8	0.10078548821084408	1	0.06640172266140647	7	0.016184163613807295	10	0.002900583855198416	6	0.0020081258834969396	9	0.001985221656999924	12	2.1817914824008588E-4	5	7.847220398308652E-5	3	4.6273823003788874E-5	11	3.739392948147477E-5	14	1.4339078332596224E-5	2	6.256892618131487E-6	
162	file:/Users/Amanda/mallet-2.0.7/THATCamp/wp_6_posts.txt	0	0.2979193380739274	13	0.2932391078294721	1	0.29099499490614467	4	0.08238465906184878	8	0.02154696706720436	9	0.005989792574813533	6	0.005424084869028657	3	0.0018566883249302771	10	5.781293426205242E-4	12	3.2783620496805075E-5	7	1.2949520142022492E-5	5	1.179124116892451E-5	11	5.618815560027586E-6	14	2.1545913352476204E-6	2	9.401613065991272E-7	
163	file:/Users/Amanda/mallet-2.0.7/THATCamp/wp_70_posts.txt	12	0.564710071900921	6	0.10157297030252102	4	0.09082780805480542	13	0.08103969789329078	0	0.0713244380879773	8	0.03922749105322021	1	0.011094560651012372	9	0.00874286984643265	7	0.008248913747957913	5	0.0075110838329981245	10	0.005720337113232928	3	0.004429167860885977	11	0.0035792156320869246	14	0.0013724862305036153	2	5.988877921535375E-4	
164	file:/Users/Amanda/mallet-2.0.7/THATCamp/wp_72_posts.txt	13	0.3162874121869001	0	0.2856665736468274	8	0.18539645875397953	4	0.13001666600428727	5	0.05277479423300283	7	0.02282220384235838	11	0.004816854776273762	9	0.0012560923169644095	3	6.2842779458536E-4	12	1.3804662610842215E-4	1	7.333915549731821E-5	6	7.228560348010842E-5	10	3.7813547218401E-5	14	9.072642373418175E-6	2	3.958870143288281E-6	
165	file:/Users/Amanda/mallet-2.0.7/THATCamp/wp_73_posts.txt	4	0.31088771769210405	0	0.2784771473096385	13	0.16304802215707354	10	0.15164648000124328	8	0.08452655221146661	12	0.006146799110859514	9	0.0033368087397943422	6	0.0011607054378941603	7	5.971483263826644E-4	1	6.699685788216971E-5	5	4.535727298534525E-5	3	2.6746469648167098E-5	11	2.1613852821714636E-5	14	8.288049236262E-6	2	3.616510969689971E-6	
166	file:/Users/Amanda/mallet-2.0.7/THATCamp/wp_74_posts.txt	13	0.3070059457090277	0	0.29914775196774945	4	0.1987466518204124	1	0.11208723470891253	8	0.0702442820490125	10	0.007218427036721018	11	0.005020132684975853	12	3.850991187966842E-4	6	3.77608165781305E-5	9	3.0190435338342097E-5	7	2.8484731157344115E-5	5	2.5936894265161976E-5	3	1.5294578125431225E-5	14	4.739399936474106E-6	2	2.068048990951328E-6	
167	file:/Users/Amanda/mallet-2.0.7/THATCamp/wp_75_posts.txt	3	0.24412371416874998	0	0.23606237986975687	4	0.23120578655747823	13	0.18460130767371766	8	0.06401623923432756	12	0.020207400871811766	5	0.01867018933346281	9	7.848486708110935E-4	1	8.761816777097173E-5	6	8.635949091856771E-5	7	6.514495989806506E-5	10	4.517578231888111E-5	11	2.8266492527764995E-5	14	1.0839070837531649E-5	2	4.729655612284866E-6	
168	file:/Users/Amanda/mallet-2.0.7/THATCamp/wp_76_posts.txt	0	0.26787429624106285	13	0.2361943394837944	4	0.1776533864959951	8	0.15349678875759837	9	0.13131388022620005	7	0.03241144229476634	5	6.610790381967067E-4	12	1.4065917762784566E-4	1	7.472710917303695E-5	6	7.365361853797792E-5	10	3.852917383692217E-5	3	2.9832538727518814E-5	11	2.4107708786863418E-5	14	9.24434338695286E-6	2	4.033792309078302E-6	
169	file:/Users/Amanda/mallet-2.0.7/THATCamp/wp_77_posts.txt	0	0.37180909805687395	13	0.24897413051691075	4	0.15886965558978033	6	0.08386158807892528	8	0.06447925137726432	3	0.021379190367978397	1	0.015412030789221048	9	0.013315800478339159	7	0.012717170965468223	5	0.008830156701619232	12	3.3334230887665096E-4	10	9.432333699567565E-6	11	5.901812350613788E-6	14	2.2631093007130898E-6	2	9.875133916708745E-7	
170	file:/Users/Amanda/mallet-2.0.7/THATCamp/wp_79_posts.txt	12	0.564710071900921	4	0.1814655963721123	13	0.08103969789329078	0	0.0713244380879773	8	0.03922749105322021	1	0.011094560651012372	6	0.010935181985214157	9	0.00874286984643265	7	0.008248913747957913	5	0.0075110838329981245	10	0.005720337113232928	3	0.004429167860885977	11	0.0035792156320869246	14	0.0013724862305036153	2	5.988877921535375E-4	
171	file:/Users/Amanda/mallet-2.0.7/THATCamp/wp_7_posts.txt	0	0.29208579976837074	13	0.2655079594333017	9	0.16049610091216038	4	0.1584891474644041	8	0.09911308743729697	1	0.021024027819540485	6	0.0030741318752549505	5	1.439787914565102E-4	12	3.0634670337403395E-5	7	1.2100685481552745E-5	10	8.391407932083303E-6	3	6.4973363605421504E-6	11	5.250504970459034E-6	14	2.013358935556528E-6	2	8.785341965038165E-7	
172	file:/Users/Amanda/mallet-2.0.7/THATCamp/wp_81_posts.txt	4	0.3698991721968573	12	0.252220997671802	0	0.17781062668008019	13	0.13889531729920054	10	0.030621038308647625	8	0.01432322396376405	1	0.011220360250992026	6	0.0012060734125235852	9	9.642768529315952E-4	7	9.097969807054361E-4	5	8.284195473348007E-4	3	4.885059621176411E-4	11	3.9476222868405216E-4	14	1.5137554673560463E-4	2	6.605309762361371E-5	
173	file:/Users/Amanda/mallet-2.0.7/THATCamp/wp_82_posts.txt	0	0.2996700478495289	13	0.2621215436433082	4	0.19862052792317655	9	0.13670124916667273	8	0.07438047932133453	1	0.012776474993993288	11	0.009554647577132556	7	0.004285417665680632	12	0.0017109894218520728	6	6.390092599636952E-5	5	4.389183580245107E-5	10	3.342741246018913E-5	3	2.5882324417340753E-5	14	8.020272654358581E-6	2	3.499665989855299E-6	
174	file:/Users/Amanda/mallet-2.0.7/THATCamp/wp_83_posts.txt	4	0.4849653214150323	10	0.21014048249010892	13	0.20721820534758137	0	0.08945992923012275	8	0.00358169017694423	12	0.003075757730664136	1	3.0598847585632167E-4	6	3.0159280516996965E-4	9	2.4112873894434098E-4	7	2.2750540779436628E-4	5	2.0715602594668188E-4	3	1.221566464590589E-4	11	9.871492621237442E-5	14	3.7853231237892046E-5	2	1.651735192535964E-5	
175	file:/Users/Amanda/mallet-2.0.7/THATCamp/wp_84_posts.txt	13	0.2557491118641291	0	0.25455390574496684	4	0.18547702182665865	12	0.18390490591848768	8	0.11482076768394245	1	0.004607063966912954	9	6.21916595464709E-4	6	6.843153664595841E-5	7	5.162107445454434E-5	5	4.700379099896715E-5	10	3.579743431071658E-5	3	2.771739539343241E-5	11	2.239845903087152E-5	14	8.58891437799351E-6	2	3.747794225188591E-6	
176	file:/Users/Amanda/mallet-2.0.7/THATCamp/wp_85_posts.txt	0	0.31555134900253945	13	0.24048139550526582	4	0.1725800025315497	8	0.12588327046311903	10	0.10664150551800111	3	0.019901113157550047	6	0.018659504063041638	7	1.955202896515691E-4	12	4.129086106509042E-5	1	2.1936333872386302E-5	9	1.7286535085701208E-5	5	1.485102906613027E-5	11	7.076879524702813E-6	14	2.7137006263364723E-6	2	1.18413004119974E-6	
177	file:/Users/Amanda/mallet-2.0.7/THATCamp/wp_89_posts.txt	13	0.40456685176402846	0	0.25037508353552757	8	0.1668724949798227	4	0.09922872316046254	6	0.06556767253336698	1	0.005839216379562105	12	0.0030011105732604265	3	0.002431978133761811	7	0.001970589966538075	9	4.6463345426876554E-5	5	3.991710831715264E-5	10	3.040031521900923E-5	11	1.9021480954424517E-5	14	7.293978172114888E-6	2	3.1827455798307728E-6	
178	file:/Users/Amanda/mallet-2.0.7/THATCamp/wp_8_posts.txt	0	0.31265453858779235	13	0.2252513932872833	3	0.19671984191900604	8	0.14854531551970052	4	0.08526277626534196	9	0.012572180368948334	10	0.011266552931018291	6	0.005868957760593828	5	0.0017491477253738074	12	4.985992698532984E-5	1	2.648876717486792E-5	7	1.9694656020045813E-5	11	8.54553979461521E-6	14	3.276873177236176E-6	2	1.4298717893599673E-6	
179	file:/Users/Amanda/mallet-2.0.7/THATCamp/wp_90_posts.txt	13	0.3192971617230301	4	0.27126921341843563	0	0.2599207875837959	12	0.10089996905054856	8	0.03162598547473994	1	0.014212693671192845	11	0.002111192150186702	10	5.417789434889053E-4	6	3.1682250291292574E-5	9	2.5330514948302366E-5	7	2.389938734878482E-5	5	2.1761689771390427E-5	3	1.283252578150763E-5	14	3.976472667301168E-6	2	1.735143772921525E-6	
180	file:/Users/Amanda/mallet-2.0.7/THATCamp/wp_91_posts.txt	4	0.43558344890733125	12	0.2364773881872262	13	0.2278616009529342	8	0.062326713832261446	0	0.02016034465447703	1	0.0031359541345214064	6	0.003090904654718994	9	0.0024712324989634624	7	0.002331612398807214	5	0.0021230596813834207	10	0.0016168927626225697	3	0.0012519348627444105	11	0.0010116899995280511	14	3.87942704944226E-4	2	1.692797675360771E-4	
181	file:/Users/Amanda/mallet-2.0.7/THATCamp/wp_92_posts.txt	6	0.2954281695763479	4	0.28682762366931847	0	0.2272244924379573	13	0.12049484285031474	8	0.06898456942847303	9	7.799232720595842E-4	12	8.571485939143537E-5	1	4.55371897057593E-5	7	3.385734343368786E-5	5	3.082894944270614E-5	10	2.3478899660836414E-5	3	1.8179346029480904E-5	11	1.4690750392291466E-5	14	5.6333159836557034E-6	2	2.4581114891891157E-6	
182	file:/Users/Amanda/mallet-2.0.7/THATCamp/wp_93_posts.txt	13	0.2868327234796638	1	0.26644518785258153	0	0.2640155848334751	4	0.16575438928294065	8	0.010215144653225516	12	0.0051139508119191985	5	0.0014038356141420113	6	5.493863541548594E-5	9	4.392440287026483E-5	7	4.144275473289933E-5	10	2.8739120715367092E-5	3	2.2252253198183695E-5	11	1.798207135011669E-5	14	6.8954061059401774E-6	2	3.0088276639928424E-6	
183	file:/Users/Amanda/mallet-2.0.7/THATCamp/wp_94_posts.txt	13	0.38601102726395	0	0.29668679409172716	4	0.10563218126955103	8	0.0897063853753627	6	0.061172104351173	1	0.04591654181097894	9	0.005981528741647246	12	0.004965071461217704	10	0.0035950630102764254	7	1.0681471474700434E-4	5	9.726059716179544E-5	3	5.735304260445867E-5	11	4.6347059557269397E-5	14	1.7772246102309825E-5	2	7.754963943001545E-6	
184	file:/Users/Amanda/mallet-2.0.7/THATCamp/wp_98_posts.txt	0	0.35309514465479475	13	0.31019903557608136	1	0.13750271756844765	4	0.129357168911407	8	0.040137176578773776	5	0.01924317111314854	11	0.009115305250811969	12	0.0011270173098785307	6	6.0962630129918523E-5	9	4.874069233075074E-5	7	4.598693267933846E-5	10	3.1890351356199704E-5	3	2.4692201963498114E-5	14	7.651484039472927E-6	2	3.3387441573213667E-6	
185	file:/Users/Amanda/mallet-2.0.7/THATCamp/wp_99_posts.txt	4	0.39385703322835247	13	0.3248743046135423	12	0.22896110317851695	0	0.043829349385060085	8	0.0032779247918095695	1	9.270828808003251E-4	6	9.137648921684058E-4	9	7.305710625822274E-4	7	6.892951385355133E-4	5	6.276406481398832E-4	10	4.78002399274917E-4	3	3.701098068848446E-4	11	2.990861597478325E-4	14	1.1468759588221858E-4	2	5.004421870235885E-5	
